 15 3353 175 3256 4132 9287 9792 7043 2428 5220 639 700 1114 8529 1613 8461
 32 171 768 5901 4858 8201 3741 9936 2158 1777 7869 5975 2457 3565 1256 8862 9012 4988 6999 6693 4689 907 9618 5451 3464 1046 7276 3401 3684 5268 4207 514 1376
 13 9662 2202 5149 8870 915 191 5794 7060 7084 2135 4573 2485 5013
 18 9443 6319 6347 8543 6294 6046 3324 7253 8829 291 2535 214 5409 5546 9564 2462 8972 2972
 13 3833 9257 8740 6959 3501 9251 7516 2304 2506 3391 721 335 4310
 53 5634 5062 8502 3832 3632 23 8152 4757 3339 8586 2472 1926 1049 1465 7603 1562 504 6452 7870 1009 1322 7393 5772 8389 7405 5570 2303 2960 6708 4579 8499 1092 1861 4844 8284 7188 6849 6456 1960 403 7072 7288 7346 1905 4276 7075 3211 318 4934 2108 4149 7676 8333
 20 3511 4469 6982 436 7216 9868 8927 5938 1037 4802 3264 5109 4034 6410 5378 3301 6653 1828 56 2309
 50 2603 4891 2851 7662 1942 2090 5008 8523 1040 7402 8297 2205 2012 896 6284 338 3122 908 9856 2609 6267 5157 3203 6212 800 3544 4457 2843 5403 7291 3608 5329 8347 5770 4906 3356 8605 8352 2675 143 1223 2893 3152 1416 7124 7795 6078 8028 7932 9553
 19 2629 9545 9664 6310 116 6368 9311 9736 1482 8489 5191 4177 8578 6075 2979 1173 4438 7248 6050
 18 6198 306 7883 8661 1176 3543 1261 2632 2546 4351 6321 8223 5956 4814 2312 7500 7829 302
 16 9321 8057 2652 9194 9887 2903 5820 6398 5477 3344 7779 2951 2224 2740 8029 4321
 14 2855 8565 4769 8778 1417 3417 1819 1713 4434 3499 8960 9683 2407 4704
 4 627 5086 2768 9587
 22 1837 7950 7122 6183 8413 9750 8721 9833 9365 6063 7623 1170 2845 4669 7757 6226 2315 5642 6180 955 299 324
 21 6428 2584 4119 1577 688 811 3258 4507 4214 8547 3888 9588 4373 7126 9570 2206 775 3576 5174 1195 985
 19 7833 4804 8039 3782 4794 1768 68 2263 3201 8438 3735 5263 1608 8445 9292 4819 9893 6905 7181
 16 333 3873 804 4574 1425 314 3772 8134 8919 2003 2430 3323 7383 1985 2339 5098
 18 5254 6229 9742 9440 3496 5049 227 5908 5156 477 8540 4050 6073 14 7737 64 3602 4541
 48 1959 8044 3611 2607 7487 5583 2649 5965 5881 8130 5171 6556 2166 2101 7086 8924 5125 9272 6817 8423 1064 1121 9499 4110 871 6606 8391 7466 3670 5963 258 3975 1933 3284 1972 1483 4603 8255 1853 693 169 2283 7778 3799 2564 3571 6724 5692
 18 8725 6197 5370 3452 5595 8227 9131 2858 6474 6983 9836 6283 7625 3567 5880 649 6649 2307
 26 8649 4348 7202 987 6097 4520 5175 8889 8222 8892 7560 916 3893 3390 8925 5909 838 2704 7725 9421 5978 2821 7622 7834 1033 2899
 17 6340 660 3075 3171 9913 1339 8143 6402 3867 5668 1398 5598 9752 919 3193 8321 8866
 17 3039 820 8346 8142 628 382 8871 9716 4421 6282 2475 1876 9734 6953 471 8587 9487
 9 1241 2753 8221 193 2727 255 9405 538 444
 13 1860 3099 751 1517 1664 6998 3662 9297 6850 4406 4103 5957 9709
 18 1785 5057 8267 3303 5840 2984 2761 5720 5067 3180 9430 4488 3470 112 5541 6512 5899 9998
 20 6042 6392 5552 2711 8948 553 2000 4371 7035 3920 8926 982 6698 6930 5648 6518 3890 1 4836 7975
 20 1444 39 115 3849 1952 2811 406 9185 9207 9763 7844 5104 9283 1496 3213 4538 2364 6758 2447 3253
 13 5564 8969 544 7335 8120 5128 1863 906 8204 7236 8519 3891 5393
 20 2234 42 7901 4830 8121 7918 2330 7871 4458 2399 3682 4 3495 6545 6432 9264 6714 6884 9262 5651
 13 6030 2640 3295 9095 8615 5705 9773 6746 740 8006 8494 8365 6839
 24 4822 3546 3146 1589 3131 3314 8956 7701 6508 2645 178 6591 4776 6837 9598 9098 8773 5806 1632 3293 2321 7040 759 2596
 21 6430 1717 4141 8315 5673 8669 5467 32 1838 9796 9729 4340 903 4033 2292 6962 6326 2492 6526 326 4826
 55 7277 1386 1204 3025 3169 6729 9075 8851 5031 3855 4219 3844 8234 5713 2137 7176 9147 3722 5499 1198 956 93 5587 3604 5315 4017 5343 5425 4652 9919 1158 1168 7811 1908 6552 7596 9300 6082 5817 9279 4578 4417 9256 512 2077 7307 958 449 7514 6334 8158 5331 5640 2118 244
 17 9861 8666 6192 6182 5761 2551 3609 5804 2581 1606 7750 8319 461 1240 3852 5799 3255
 24 3448 9049 9488 3240 1824 7511 612 3533 5135 7491 7859 9707 2151 1439 5505 5643 101 7889 4118 7143 7628 1246 6527 1591
 24 7136 13 8090 3968 2847 2803 1468 5771 552 7183 9522 598 7867 4476 8498 2130 8401 3869 8414 5422 812 248 1565 8997
 25 3875 570 3562 816 9538 4701 6200 1531 128 2916 16 533 1070 7018 66 5827 6924 2043 5295 2379 4534 5150 6678 4372 4991
 34 9533 3182 1541 2322 8154 689 4229 7765 9818 6185 5578 3431 997 8335 4658 609 710 6721 8814 1294 9060 1409 2300 8129 7499 9513 2200 3085 4085 3327 6739 7635 3007 6087
 22 2647 9871 2148 1934 8512 189 7104 3393 6996 9923 1726 30 7271 733 6170 5447 904 7999 2299 6487 4860 3773
 23 2150 6570 7584 7822 7794 1544 3981 8038 2967 2666 1552 2006 5775 6644 2219 1886 2419 5614 7808 1780 8420 355 608
 23 2635 3592 5798 7613 8339 9037 4807 1140 1983 144 1862 4535 2252 7442 5151 1715 9625 9624 7210 4706 9928 424 4894
 20 2921 3766 9814 4634 7539 9334 5606 475 6904 3657 9400 6991 6146 4555 1495 5154 4738 7425 4842 1619
 23 1179 681 4078 5777 9594 1387 9117 2560 3889 3723 8355 2527 5737 4614 3650 6306 263 297 1906 2070 6039 7225 5431
 13 9408 1422 1053 2664 7723 3733 4314 4887 1282 7412 964 3945 7083
 35 7728 4252 9540 3297 9943 311 1306 6236 9531 4900 7835 7876 9835 8213 3484 9979 2178 5000 1618 7941 7949 799 1352 7739 2882 1535 8759 6223 2245 414 9653 9174 2319 6853 9749
 21 2705 3124 2818 954 5782 5427 1721 5093 337 7088 6692 1894 361 3102 8996 381 595 9534 7578 7023 7495
 29 9308 4736 1269 6188 5547 5311 199 8505 2643 2397 1919 7404 4985 5600 9160 4617 1914 8762 4167 8732 9617 4549 5627 9525 1073 6443 4187 5636 9294
 20 6812 3123 862 8568 1062 3534 3471 2418 6250 9385 4436 8273 2013 4165 4636 6045 3056 8643 1480 5778
 21 9957 7946 9366 4951 6151 4481 6416 3781 4311 4560 3744 4610 8133 6494 3432 912 3473 7141 9896 5605 5923
 27 1419 8369 8047 6954 1214 9372 6213 428 3199 7973 5048 5027 7012 6895 6462 1783 9810 9119 5531 5081 3068 4010 1941 4202 3822 9518 6604
 24 1711 3236 4049 9445 133 6298 7005 1498 4723 57 3896 3137 8051 3073 9409 6104 6963 2975 5212 4389 3737 8230 7710 246
 25 691 1141 7340 239 4425 909 1847 1879 3700 8109 1667 9359 6072 5095 6380 4756 4129 8370 8837 5810 247 4143 7943 5468 1101
 43 4514 4486 5079 4969 6994 9583 9393 1767 670 4500 8150 5023 4262 7305 9812 4443 4591 8552 5803 2606 6386 3923 198 9411 1135 4213 8780 9616 6841 6594 4700 8497 1858 3231 6249 1710 1366 7762 6394 348 9230 5338 2172
 9 795 4030 1138 1720 8626 2112 763 7067 7940
 15 82 5680 5251 5949 9874 6262 8526 1854 8239 1770 772 4686 7646 3052 154
 7 1151 8577 8419 9783 6035 657 4142
 16 1267 1220 7177 4750 1050 4244 6466 7813 8313 8491 3728 7314 9901 3690 5179 3017
 26 9145 2586 746 8453 8546 1846 7494 7787 3460 5865 2715 2599 9956 3612 7367 9520 1341 8900 2700 1190 8379 9911 3485 6558 1510 3736
 23 6062 6578 3899 9227 2114 6414 2348 984 2324 1382 3370 4955 4051 3043 7365 4596 4752 8156 8608 6875 6469 7550 7372
 26 719 327 7653 377 8961 8447 5132 3446 7099 278 5577 8688 1887 4525 1848 1156 3046 478 6336 7684 7262 6020 4846 3915 6004 5745
 16 2570 3306 5612 4622 7558 1927 7898 5958 386 5825 1623 2702 631 1733 272 5271
 36 9848 4083 4325 1120 8040 2595 2243 360 2924 7753 9993 1069 778 4456 3834 8035 5691 6684 2817 1308 9299 6743 6220 9823 9323 5539 4893 9471 8082 9156 3615 6964 179 342 8705 2742
 18 5077 5185 9042 8833 2914 1631 7430 5883 4788 5348 6105 5167 5170 9648 3803 743 8458 2816
 25 187 4182 6021 7297 8864 6544 1452 3271 6100 6365 4109 2387 633 3971 1225 5573 3125 3419 6938 5463 549 9614 9125 944 945
 24 3516 7545 2496 1196 2365 1192 8503 3149 1772 3373 5910 6113 952 2201 2394 163 2468 2298 320 6505 8674 9005 1729 3097
 21 9141 2378 7313 4349 405 8386 5934 7014 2933 6889 8906 7116 873 7436 555 9467 7598 2337 5630 4778 7821
 23 9038 9498 2332 7439 6819 2876 6363 6426 1453 8942 2278 1571 3418 2110 3004 17 4812 307 8303 1850 2515 5929 1157
 13 6766 7974 9825 2439 2096 1998 4356 4745 3905 6162 6984 2733 867
 19 9692 2351 9942 416 6765 3005 1756 4455 2353 6313 6348 6822 8171 4498 3248 3569 8856 488 3189
 20 6992 89 4937 1700 9129 9967 3605 4328 1977 5741 2047 241 3088 5655 2402 3549 761 1940 6346 5626
 17 9816 2256 5479 6802 4509 7438 8034 6387 4261 7433 535 3976 5267 1844 7797 7255 1987
 26 8598 9180 5465 3877 1130 1893 8125 5209 1186 6231 130 2573 9416 1178 9096 4983 3318 2258 5733 705 9641 2208 4670 3395 2628 8361
 15 4910 1390 8226 2231 8217 3960 4305 4924 2602 6957 6132 6219 9105 2081 3966
 15 3050 8162 4156 4250 8250 6966 5478 8199 4086 3714 6571 8767 9386 1008 7497
 22 1113 7979 8356 9755 2736 5566 3954 3177 8693 5313 7679 7185 489 905 8271 4595 5458 4513 2127 2688 2958 4675
 18 9785 3762 1429 5758 8295 1088 7218 650 1450 1625 6232 1582 2898 6987 7627 1438 7920 118
 15 9139 6681 1575 5 6304 8564 1238 674 6854 2161 356 2689 3093 4245 7302
 28 3042 8407 4107 2765 3929 6796 3630 9951 3921 4957 3126 7543 8751 2555 8584 4104 1093 4948 456 1160 2334 8001 7507 3365 1569 1755 6122 6642
 12 2531 8873 3439 2639 1803 9897 3475 9226 5858 8064 7565 7530
 29 2909 5793 9526 1825 5124 67 9222 5854 7321 4098 1507 4368 3108 998 7013 1221 2708 8534 3013 5884 5631 5415 8563 6736 8817 4663 401 5004 8229
 22 5537 8875 8052 7238 2372 96 9830 6861 6807 7994 7585 2929 490 9480 2997 4987 3428 3217 6934 2455 9132 366
 42 8594 8381 5435 9565 760 4809 3934 4025 2207 8483 5028 9973 7407 2928 1389 9116 2520 924 1056 9501 1621 6026 4448 5727 3674 1122 1840 183 3837 4470 226 9567 2029 8304 8198 7373 5602 7403 4982 8664 5892 5363
 18 7109 3367 6922 9937 2221 9302 3225 2782 1865 5010 6528 6314 8098 2023 5494 9519 4536 6116
 30 3060 6603 7179 476 3911 2813 1779 3044 9224 5298 5148 8714 9708 3731 8368 7239 5916 7751 5556 2728 4117 5401 7693 8783 5235 5523 329 1324 1388 7862
 36 2028 2763 1899 4127 8832 3955 8824 6510 387 3094 3730 4090 4748 2615 2424 8348 8475 4148 1054 758 6851 1567 2593 4106 505 3184 3329 9017 6967 1823 9944 3600 3357 151 8354 3980
 30 7851 8849 724 3198 8383 7720 2793 330 1067 7331 8745 5534 7985 3620 1025 9659 7129 1581 9528 6695 5931 9195 742 1394 6529 1284 9319 7198 2002 8136
 27 601 3384 7175 726 188 9236 5997 7026 7295 3442 2085 629 5102 515 5714 8754 7464 2637 185 1440 4089 1485 6163 1555 5623 4073 315
 27 3117 2805 1641 7855 5557 3856 5889 2069 1407 8624 4151 1024 779 4976 2236 8954 5867 6827 7573 438 5697 5891 5893 9926 7254 1703 3689
 32 9832 1999 2417 1595 3361 7115 5206 6623 874 3322 7699 7742 3707 593 4005 3851 1994 8957 606 2644 9315 2771 9880 8249 200 8042 7038 5283 1463 9275 3032 8521
 27 2922 4960 8551 4759 2583 551 5886 3316 1520 1068 95 9681 4146 5485 4843 9103 3884 5272 3276 6958 463 6949 1273 6525 579 6196 9210
 29 7320 4768 666 4581 6897 8590 6836 5075 559 9595 6451 4113 5026 7155 9674 3596 440 7848 8495 7133 9920 148 672 7160 7535 1949 5663 5145 142
 21 8781 9685 7894 6936 8083 5207 9384 7416 5460 3164 4192 397 5058 7961 4451 4786 5362 8580 4225 1478 4013
 8 9554 4640 4931 925 6641 8069 7137 7827
 29 6599 9738 7674 2265 9446 7704 8983 4765 9747 7358 26 4239 9632 9219 780 5308 678 9777 3408 2026 4742 72 5194 1992 5979 2180 9298 6194 9086
 24 4949 4447 2534 5994 7702 3096 7171 9876 369 2888 379 6376 7081 4094 5816 9929 8444 1748 1757 5111 2787 8785 1475 423
 15 1095 8634 8012 6427 9599 3997 1917 1174 4953 7483 1326 7703 7819 2347 8748
 18 2633 4784 1016 6123 589 9242 3667 8913 572 4116 2232 5512 2289 1620 9339 8912 6805 3053
 35 8215 4728 6287 6927 3434 9051 2720 1244 9081 3974 1418 1936 1249 5786 7033 2125 7385 3641 9387 9469 5567 2411 762 2488 2246 2164 1291 4016 279 5754 3969 727 6662 5141 6903
 15 5323 308 6686 6446 2674 3427 4190 8048 1984 3793 5743 7391 3726 9146 7452
 32 9151 3491 7914 1650 9278 4583 6044 9959 7493 4277 264 3853 6323 3927 5187 8210 5242 9776 6689 6476 6083 5986 1970 5099 5094 3935 3617 3924 6108 284 1481 9789
 35 1189 5314 7032 1799 9964 8861 6115 1489 4382 3010 2576 6716 5504 4633 4637 9877 8175 9047 6204 5487 7591 2174 3261 2941 4719 3142 1075 6896 4285 668 6536 1208 1687 6101 8962
 59 1670 8431 3260 3903 659 1325 7579 9772 6421 6242 5990 8462 930 9055 9477 939 7768 1258 8263 6562 4444 5510 7105 4095 7815 4774 6648 5292 3635 6646 7025 3382 8436 2800 4551 2982 5373 4883 3599 4125 7221 5287 7353 6965 2227 8269 500 4133 1379 347 2641 6913 3497 8863 7274 269 6467 1129 3947
 8 3465 8914 9084 4889 8476 4647 2117 7055
 36 1435 3035 2426 8907 8734 5289 1695 6581 4295 5579 6701 6272 4045 4925 989 8630 6450 8882 3672 2757 8975 3535 3319 884 5989 1502 8429 8113 807 5641 2676 6019 5684 5449 6840 6465
 3 8258 3330 1328
 25 8017 8400 1036 6003 69 9984 422 5400 2049 9719 3238 2519 4627 6727 7526 2259 1006 9521 7780 4508 4709 4563 6370 1018 9680
 19 9273 3907 4697 5726 6016 738 6049 6551 8831 9235 5875 6747 8645 8876 565 1259 615 4204 5085
 33 7138 3155 5354 3076 3482 3693 9361 8797 5675 8625 667 9286 3696 3412 4053 4076 8320 7061 7513 6369 7489 3489 1411 3037 7163 7046 9663 6071 9715 3823 712 614 186
 52 2906 4200 6211 2279 7022 2391 1004 5433 5850 8022 3520 190 5084 9885 9178 2646 7610 4833 1228 2986 7009 1319 4376 1459 600 7663 680 7962 8338 1706 1866 6438 1536 9560 6396 4043 5464 7189 5773 6759 9266 2344 6777 1164 8825 6468 8059 7034 1381 4173 5088 4613
 28 5756 5846 5966 108 7458 4480 6910 663 9757 1456 4970 1673 3204 4557 9981 5340 1265 370 4618 6140 2449 1356 2605 3270 8881 9225 8127 7139
 30 4114 4753 6257 9248 6687 5492 7475 4068 6970 8003 5751 3278 4966 7650 1123 4286 9590 2167 970 7093 5708 5034 3029 1696 1078 6852 1646 3165 8905 1086
 25 8063 9754 4227 785 9963 9391 5166 8176 1414 8442 9456 8572 4387 976 2598 1400 5288 6381 7685 9102 7266 7182 9259 1570 4036
 19 1855 4009 1515 8937 81 8834 8790 7878 2687 7317 420 261 6572 4024 6089 4427 6801 4463 7967
 54 1380 1659 5051 9027 1740 8257 1521 9989 365 3040 2136 8911 7927 3100 720 9425 4413 576 7955 525 3313 569 4401 1206 9677 7554 4612 4402 7532 3806 3034 8148 669 8031 2034 1047 9169 4946 8480 4035 5554 2723 8868 8869 9088 7716 6700 6831 3115 6109 3309 217 8252 5225
 12 6703 466 3830 8256 1730 9289 4831 5763 7145 6066 8451 6909
 32 8078 7324 1030 3665 9992 1330 3383 487 5669 6741 2671 99 6540 6629 5662 2226 8667 1351 6288 5357 7285 2022 8692 3282 9137 7 1200 4558 3087 9550 9539 7897
 32 3183 3831 4065 2146 4260 2550 8440 7397 7329 1590 2940 6509 3953 9268 294 1969 3267 4307 7800 9571 3587 2247 8000 739 8728 5222 391 9649 5735 6679 963 9450
 18 7992 1257 1604 7842 8417 3433 3414 4405 4806 9028 5321 5414 4029 7140 5025 9859 5649 2025
 34 2600 2672 9696 2156 9688 9008 1145 895 4855 9609 5356 8190 6111 1391 5040 9596 9717 4648 8041 7027 3776 6789 3666 8 8397 3178 8030 6391 8163 8344 6517 9623 7619 8556
 24 6718 4933 6767 9678 4304 8726 3114 3205 3103 4478 3480 2194 6186 1065 8212 890 8923 2438 146 4242 7659 5140 8965 4366
 32 389 4974 957 9727 9826 1348 9591 3027 7042 3679 3694 6234 4415 7575 2212 9462 7488 5052 6775 8947 6555 3792 6372 6297 5203 8467 8102 7169 5358 5180 2883 3081
 32 3312 7130 4120 6175 2225 9668 2193 9507 8999 9066 1117 8847 354 5385 9706 3244 6900 3466 6247 8662 6937 4939 4626 9333 8508 3990 4342 6281 1443 8742 8576 1930
 19 6657 167 1592 5353 3644 9898 5302 9457 6750 5838 9883 2320 1074 3379 7767 4047 8191 1995 5515
 30 6093 6890 2482 7191 9884 2767 4249 4834 375 222 9021 4054 1645 1732 5038 3162 524 5572 3337 495 658 5866 725 6825 3673 8075 3498 7998 9221 485
 37 9157 3775 8654 4170 8592 3302 6655 6092 3064 8282 9073 2815 2966 5945 5542 7607 9504 7605 541 5396 6538 9491 6328 4562 3887 8211 5012 323 5238 8342 8951 6723 5011 9503 4336 2884 7505
 20 3537 4903 2920 8958 2726 5977 1201 7959 3900 827 7269 8557 3221 1782 5243 7501 3257 8308 9881 2812
 42 45 6130 2209 6845 2563 6152 7793 5555 4808 3220 8761 8560 9453 3437 4676 7196 6384 2341 6353 6628 5628 6343 1338 4787 1286 7624 1252 7241 4863 7874 7446 4007 4920 3206 3561 9496 1966 6917 7498 4979 5101 5660
 36 2758 4466 3902 3756 4662 4743 1553 3028 3983 2869 9122 3400 7836 6621 1161 3359 1789 9647 2173 9509 7563 9875 9401 864 6023 2277 9357 3624 2934 6636 4296 1669 826 4039 8112 5538
 34 962 1109 8085 5388 4236 2335 9202 6258 6117 2140 2048 8936 2147 3411 8108 5318 5224 9329 9238 7028 996 9939 8848 5862 4079 5355 5607 4859 506 8010 2566 2824 2302 2953
 38 7849 8424 4825 3241 1701 3778 1761 6457 664 3786 1052 7184 815 8168 3512 7630 6768 180 9465 2420 9511 1087 6064 3566 4711 7971 5788 6243 9574 9744 1155 4075 5019 2545 5624 1546 88 9124
 31 4503 5898 6928 5247 8949 2756 8613 2051 3897 6726 5199 5755 6877 7823 481 7510 9016 7095 9000 4211 4216 9938 3338 9682 8635 543 7658 1318 5120 2454 8955
 74 1466 1660 4671 2297 7222 1365 9441 1746 4238 1816 7309 5345 7864 968 4046 60 1776 7147 7980 1787 8293 1639 3541 7054 117 3745 7111 8274 8316 5821 619 4958 8122 4140 648 7672 3553 6813 8616 9216 3686 7388 7682 1873 2220 210 5752 5540 2060 6166 938 8982 4800 4059 2425 1611 1231 1702 8671 7783 8403 1901 3768 1355 4308 9206 4810 9176 9193 5380 6103 7306 3219 9032
 27 8492 656 2604 6935 7230 8053 5940 5724 3347 6794 6985 6500 3033 5927 6127 2650 4899 4233 9834 2240 1107 7567 9108 4319 2360 4959 1254
 7 6800 5584 2651 6672 384 5998 4042
 22 3455 3671 6868 6292 7865 5682 703 7333 591 2490 2827 8380 9493 5544 1514 1202 9486 3577 3996 6478 3510 4061
 31 4994 3575 3618 350 5349 9079 7151 8237 2701 1430 9165 5693 6622 8093 6167 7441 7840 9495 5439 8840 1310 2366 6126 7657 708 3521 2865 18 1878 7524 3493
 27 5112 6756 1197 3405 6520 9097 2801 2058 7910 3669 3326 0 7880 1194 5887 9808 9733 7374 7062 8325 5906 876 1500 9198 8302 7595 889
 19 6816 3949 8727 3528 9183 1302 87 9220 3784 4785 4334 7209 7328 7824 6997 8437 8527 7289 787
 15 5163 9337 2192 8795 6549 4333 7669 8676 9402 3861 1912 6702 3713 8363 5294
 40 2822 5482 2163 9246 5097 7343 7395 6265 4944 1148 7449 8841 817 1152 4123 2126 4867 1076 8711 8933 3001 5670 2272 992 5335 853 6349 6031 7085 4445 3358 7389 7301 699 5039 4783 4681 3848 894 8567
 27 8324 3763 4607 8820 9629 5360 4278 8410 7944 1222 250 4395 435 3647 4194 2001 4306 8209 1455 5452 5792 9514 7360 4907 8606 9034 2927
 16 8897 6389 1932 380 2917 2961 8262 8974 7017 4283 3469 3977 6899 7376 2065 818
 22 5022 2642 5863 8454 3625 4315 8460 2477 1810 3234 6084 6666 5366 6989 4293 9952 3910 2072 4108 3729 4416 1281
 8 6531 7336 8716 4362 8169 1718 5819 1957
 31 9470 9506 9699 7244 5461 6150 9123 404 3536 1961 4817 3049 792 5857 2868 3486 80 2435 9059 793 5802 4864 1072 3526 9610 7445 9167 1277 6293 9878 4646
 6 1349 8260 9087 4687 2120 859
 40 6261 1579 9543 750 4805 9850 9104 1491 7611 4803 4650 5516 3811 2253 3291 304 4628 4639 682 9121 3079 7632 9473 1884 3761 3965 2035 9843 6886 160 4729 9306 2162 9063 2336 3688 4150 6260 9667 3588
 25 1758 6504 4408 6753 1794 4942 2375 1804 6866 9107 2797 7392 5176 8528 2318 1610 8588 3648 2552 4679 9562 5765 7490 2434 8672
 36 9191 701 94 7186 626 4166 5984 4088 8513 276 7922 1809 7279 9190 8277 6322 8421 8992 35 8107 9726 6734 8161 5047 8524 1332 7420 162 7469 5710 4324 7905 1183 8188 6619 737
 37 5959 4052 5955 7606 8835 9460 5973 7529 563 9019 9130 4777 2747 309 3552 5252 588 4609 2684 4475 9730 8839 4499 8525 8822 5625 7749 4932 3750 9379 8485 2079 4505 7602 3527 3214 2478
 40 2068 2547 7071 3603 8296 6145 1320 2033 8345 6735 4343 9672 5379 5202 9355 2741 274 2187 9852 9209 645 8310 1973 2229 8684 2131 4861 9532 3789 6131 2773 1041 9013 9318 2729 857 5337 4631 8533 4411
 17 6395 3858 6419 8656 8473 7548 410 7113 3200 8531 9205 8622 8811 6076 4584 4798 77
 41 8141 1408 2859 1796 3771 8094 3502 8015 9217 6375 7953 7831 7265 8550 254 7378 418 2216 1346 1224 2660 5186 6417 5060 7357 1563 3967 9142 9341 4528 9048 3538 3676 7895 9301 8088 5091 7052 1580 2626 2718
 12 980 194 7024 2071 4272 5530 9468 9849 1311 25 7683 4984
 10 9910 5412 933 1988 5445 4270 4608 634 2264 5459
 37 493 1965 8299 3704 9136 7984 8952 1909 1976 6032 676 5520 2352 8072 9489 6618 5619 8609 2591 8532 2433 8292 4385 3341 5369 4174 7293 1979 770 9374 2553 8985 6659 5677 9065 1594 8146
 41 5260 4523 78 7256 625 3104 3179 4878 6461 8710 5213 2557 9646 2971 7020 9382 1890 5082 238 1677 6519 6676 883 5457 6547 4758 5496 4031 8206 2799 6357 9720 4544 5327 359 5768 1920 3798 709 9458 3779
 20 2242 9622 3170 9725 177 9338 8993 5900 8477 5687 3336 8089 2052 1460 741 9072 6367 7989 3136 2501
 46 7318 9106 9155 2648 5944 8205 7235 9336 1556 2005 1818 9304 1442 1737 5829 571 3716 4181 5210 5610 8865 3804 3479 4137 3556 6744 8251 9451 4446 6824 4691 3144 7614 5904 4857 4178 4818 1754 5818 9291 442 9865 4459 3859 6490 7107
 10 6225 4945 9908 9029 7958 8106 9179 9250 2571 8244
 17 7931 8182 6276 6344 6715 5055 7472 3791 4281 1889 1867 6582 640 5812 79 6867 4026
 44 5604 602 1788 4246 4390 7569 5903 8481 1205 429 7724 540 2293 6445 3139 7485 5783 5744 6779 5351 3917 7891 2908 209 9461 4185 5168 5090 9153 7913 9479 137 2669 4121 2784 7714 5521 8520 4905 9713 2211 4973 1115 127
 57 6658 1593 9394 5759 9133 9415 685 8398 1679 8289 9254 4888 5514 4497 1493 9332 6976 5282 9303 1102 4713 2413 4226 1353 7102 5695 5731 4240 1169 803 613 3325 7103 1903 4023 9083 4649 2696 6383 3787 7904 765 8998 1153 6316 821 6139 7228 948 7551 6713 892 20 6704 8660 5559 5734
 25 9627 1239 6844 1236 7361 3348 4358 4452 5312 9267 2788 1427 4363 4241 7037 3986 3286 4021 3453 8536 5913 1280 2779 439 1967
 34 3128 910 2836 7581 2042 3950 8872 653 2144 6912 2677 4495 147 4763 1426 9801 3012 9656 5961 5172 7594 5992 267 5190 783 661 6053 8203 1209 4381 6013 8164 9320 5787
 34 7781 8472 6749 4862 9024 1413 7681 4027 5037 6079 3376 4645 7217 1640 1058 2665 8703 8086 3140 3933 9062 4620 114 3578 3224 3424 6797 3727 7604 3354 4291 1943 2088 4197
 23 8111 8968 5303 4550 6919 9240 1895 3912 5935 2538 3989 1852 8894 2062 7423 3631 8144 4212 4428 331 5219 8658 4680
 17 2950 6274 1802 9327 4055 1317 5490 8511 9500 2011 7068 1915 6585 2389 2842 5874 3663
 39 156 3660 9168 445 1377 2864 1424 8971 7695 5462 7698 1822 6620 9120 421 4152 3680 7715 4694 2129 1245 8673 6470 3430 848 2989 2280 7816 2122 7983 5408 9074 3450 8554 8219 6415 891 4947 8272
 56 2168 6444 5896 7286 5671 9229 513 662 6361 1167 5878 5769 6296 1207 7942 4732 8294 7059 334 5441 1948 6024 4074 8137 6228 1137 623 6134 3978 4727 4838 4740 5001 8336 3790 6058 8016 6307 967 1335 6373 6118 6070 5576 6592 8157 9631 7461 8323 9572 8823 4360 9353 7192 2712 8682
 23 9485 9406 6652 2310 8793 3802 1532 400 3908 9363 8760 9815 8245 4019 5550 7076 2548 2020 1405 7990 237 9434 3652
 15 5322 9690 3743 3506 1329 8857 9855 5766 5497 1144 1321 7617 5809 480 7223
 25 3 7528 5868 4082 208 2138 7087 1487 483 7041 5087 5871 8181 9114 7092 542 9972 4176 3066 2405 3800 8749 5711 1798 5685
 20 9675 4145 3167 3749 139 7451 9605 4912 5319 6986 7101 5719 4255 6499 9524 2885 7770 2275 7478 9422
 43 5588 6424 2182 994 6597 1968 4199 3461 9344 713 9666 9325 388 3047 5394 9077 7881 8155 4654 840 923 7447 5750 9946 46 6894 748 1513 9840 3591 3133 1331 8853 6858 2285 3752 3351 1682 1287 8803 1316 1428 617
 35 7426 6950 7995 1415 7919 9002 1662 5426 5299 611 2714 9276 9295 4493 5389 1910 3718 5616 9009 8930 9639 6144 317 1989 1372 8852 5657 5232 9170 9962 2938 2054 7090 7731 5543
 20 7338 5390 8441 1549 9436 4483 5100 9634 3105 8943 3606 9728 4515 5290 5611 8722 2093 415 860 6008
 6 6975 832 9863 5937 205 2008
 15 3362 1104 9368 2905 8179 113 809 197 8555 3661 5386 621 2523 1015 8501
 15 332 2030 6241 1297 9335 2991 4369 6201 6745 2862 2537 2514 5430 9080 8228
 45 2055 7091 9575 4101 7432 223 2408 5259 6601 6176 8066 2082 6345 3054 6670 9290 6048 7200 8276 52 7273 4847 3824 1931 5246 1656 9144 7963 6270 3738 7814 5762 6477 7665 7933 5558 695 9181 2328 1237 7730 1981 6503 12 7804
 26 5912 9961 2770 7777 6393 36 5911 9006 1083 1039 620 5068 9921 8922 8633 8433 7354 2491 1347 2095 6717 7542 1939 2942 3979 3664
 34 2841 4391 2327 716 4865 3885 2128 6120 9779 8331 6788 9237 176 4269 1722 433 8806 2461 4772 6158 8411 7224 9364 6541 6799 7440 7618 7517 2844 1509 2510 4820 4735 8959
 30 2396 2965 9790 1217 3332 393 2673 173 9395 9182 9324 3158 8904 1883 6472 2654 1872 9375 2943 7706 4290 5811 9809 5352 6178 5198 8987 8830 9423 3697
 75 2713 3181 1896 9820 182 2954 450 4067 5127 2384 1175 2186 3992 3380 4175 8046 6554 8991 473 134 3281 4950 6738 8812 2233 7468 4289 2061 110 9260 5749 3364 9127 4882 2946 8507 1303 4215 2743 4161 5581 2010 7199 7924 8610 86 9483 494 4623 6302 3805 6946 9070 7428 8827 7964 4886 1180 3397 6259 6047 5995 8449 2374 3154 8690 2250 8747 4664 4367 1279 5261 6181 5398 4827
 37 4715 9454 7564 5076 999 2432 6617 1763 6124 5672 4868 2453 9597 2580 3788 3999 8452 1476 2932 6834 728 7954 1274 6733 8408 7902 9945 6583 9977 6569 692 1181 2709 1393 1881 5586 9723
 59 6710 8756 6341 33 9184 499 6979 6793 4880 6300 5278 3675 9203 1671 8689 1986 5983 5279 6354 4869 8755 8665 5847 986 9464 1406 861 1774 9552 6338 2185 8908 9214 3895 8425 9671 6110 1471 3263 3394 2871 7211 1384 9775 469 9722 2421 3627 316 8929 1997 4705 714 2667 8247 509 843 4346 9991
 44 9482 9780 8189 6018 7300 6878 5664 8334 6291 844 8787 7853 7556 9050 2466 3814 9140 5056 8720 4453 3880 9162 2473 5853 5444 7325 6870 7170 6514 4154 767 4755 2575 6420 6774 9813 149 6324 4196 7396 7152 6447 5526 2067
 43 49 8566 961 1560 1250 6677 5416 7667 7952 62 4302 8746 9676 4357 4837 1043 6193 4972 1561 6034 6605 8091 5933 5328 5753 520 2363 9608 5305 441 2427 5764 7119 6222 2731 2819 9705 4840 9244 6311 1288 3522 7008
 8 2698 7846 6429 1333 641 6377 9987 9748
 11 9976 9035 2891 3490 6434 4952 8899 8337 7247 1870 9188
 30 8439 9761 2775 6027 4730 4703 6437 8620 6409 1127 9660 4388 9317 1423 5035 5440 4223 7267 4002 322 2900 1097 6010 3321 6337 1661 1458 2939 5732 8768
 43 9925 1753 7006 698 3944 3646 7058 2540 9196 7172 4815 2692 9419 1654 7292 4162 5123 2625 6195 3089 6043 165 4206 6107 1902 3864 7892 2284 7197 2978 1869 6317 9953 3459 6761 6356 7518 573 990 8416 5054 6371 8548
 49 1572 2993 2414 8364 5241 2874 3640 5472 2459 5895 7323 2578 3898 1511 4232 618 4164 6400 7570 1652 1684 2460 3372 9432 6333 4491 562 6608 1534 8357 2377 4462 6848 2856 3586 4999 1874 6077 5582 8846 6921 7156 1385 3289 5667 2143 3279 8945 6969
 33 1913 9915 5126 7406 8569 2762 9795 3904 1821 4799 2542 5700 2722 2183 7743 5397 3794 7906 2040 798 3290 3134 4992 4081 2235 5993 125 3003 5230 1142 6217 5915 4707
 31 4195 3623 5423 5436 1441 7016 2018 9665 6859 402 6522 7541 5739 2562 9231 7401 313 5781 4153 7108 3563 3127 5118 249 7089 7843 3349 7764 7123 8583 2957
 20 8055 1516 9061 4485 5300 8393 1337 7457 651 8018 749 4412 4981 390 8011 7817 2807 3202 3872 4585
 29 899 4795 4975 1340 5376 6874 5760 6473 1477 6329 7709 3835 8628 8253 4265 5286 4038 8770 9025 8241 7991 4702 240 3057 1079 8744 4135 4526 518
 26 794 4724 3018 1519 5879 7670 3262 8677 4435 353 5589 10 7128 8802 1790 5402 2422 2311 5466 7166 8165 3092 3816 2273 2850 6561
 9 8159 4375 564 4179 7150 8963 6269 9697 6061
 34 5115 5553 9606 2755 9751 9484 2401 2270 1523 8984 847 9512 3964 4253 1251 7303 1019 4210 6661 2694 6887 1685 6086 4287 7463 8559 9778 3457 624 9094 1473 7537 3829 9882
 37 7421 3333 6493 3462 8950 1080 6516 2036 2333 2839 4572 3973 7956 4668 8735 4041 1617 1843 9305 8287 1497 9348 632 8542 1378 3239 4615 1404 5569 453 6637 5161 1891 3970 9786 8819 4111
 10 4467 3636 7937 8644 1568 9718 231 8675 8901 6663
 23 5296 8036 1725 9870 5277 5568 6412 1694 9281 972 1724 7377 5442 5661 8939 3926 4580 9774 9293 6755 3305 5635 9410
 46 4967 7576 6543 8468 1364 6245 4996 6699 8890 6748 7986 8074 5658 5448 1918 830 1403 303 5399 4404 1743 3550 3445 4928 2750 28 1357 5902 9399 1110 4449 8838 8902 4908 2926 8522 5936 9642 8895 1615 8105 7837 9971 2985 7841 265
 14 2098 6808 4852 9284 5325 4599 6187 3759 8842 8149 1771 7363 655 2956
 43 4751 7689 7929 7384 3172 9806 6790 8530 3557 5730 2658 8614 7437 8702 4070 2988 4653 5078 3751 5676 5722 5656 786 7250 9603 8326 607 8045 2115 3098 1834 3015 3938 9934 9476 5870 1601 5609 3138 5698 9866 6650 6647
 50 7245 9340 8595 3288 3628 8432 1956 4773 6778 5815 9039 4442 2239 931 9322 9258 289 6580 8178 319 6112 4692 8741 2541 2470 1098 1007 1545 3545 21 6171 8214 4519 9502 644 3454 527 6763 6719 4601 6137 2268 6823 6776 4354 3826 2215 1268 5410 1185
 44 8172 152 5160 9561 1691 9200 5511 3385 7982 2244 9128 9966 6407 1421 9899 4084 158 408 2359 8367 9867 1806 5139 9171 4781 1945 3874 1699 2089 6926 5776 5575 2751 9082 3930 9208 6169 1263 4895 7029 3840 2895 4881 8096
 16 3190 9435 5262 3415 9788 8068 6012 4600 3226 637 8771 4791 4256 9873 6121 1793
 29 4273 2331 6978 7916 4263 358 7784 7419 5603 1622 5036 5064 7799 8243 4993 6769 3998 7647 9112 6059 5633 5276 9003 5774 9829 119 4339 1738 8887
 27 2840 941 4350 5784 9975 6615 8518 5159 7078 3304 1971 9056 7484 4921 2050 1630 911 2276 2314 8775 2404 8007 4829 7557 1063 6448 2367
 20 2078 70 452 1031 312 8084 6022 2393 2533 1305 5110 47 3668 3072 5374 9580 1533 2016 4364 2791
 27 2574 1433 22 9781 1797 7661 6385 1849 7204 2875 9377 2437 1527 3559 9978 6339 8515 7094 9285 6932 378 8596 1540 9161 9841 8898 1397
 48 1134 9714 671 5524 773 4066 9791 3972 3051 4870 3987 4717 9811 4926 2323 8910 5495 4056 9758 2974 1116 5421 6095 7444 4849 3070 4403 7987 823 1112 5571 1716 6688 105 6916 5549 4479 4619 6673 9071 6722 7174 1136 6390 5562 6179 2155 7641
 22 594 203 2590 7345 300 8818 9686 2638 399 1812 5275 3734 396 574 3101 2031 2349 9544 2952 9404 3006 5065
 42 5377 7552 3476 4917 3410 6237 3616 981 1832 8764 9040 5239 4482 2087 5498 9922 7168 5920 9199 7504 8600 2486 2471 1859 2074 9602 459 7048 3706 455 4571 7923 9517 7106 2329 2959 951 6435 6564 4235 4690 7260
 24 9350 1299 2679 2983 6535 3130 3069 2009 3166 1683 7257 2760 6862 6773 2539 5689 109 8278 7740 2594 8514 5007 2587 2504
 56 6933 8097 4077 6791 5326 4303 3551 7096 2785 8415 271 7636 7969 1499 9735 5226 4655 4248 2912 6379 8281 8050 9546 8737 2744 3651 8076 926 9954 2832 2175 2415 7097 4968 1501 8126 1506 351 1811 9022 7868 8535 856 2691 1396 1361 4532 8305 2487 8743 8784 6498 3403 9643 900 1921
 30 2608 690 4015 8328 7561 8828 252 2601 409 6630 4559 4997 3850 5601 6914 560 7531 5018 2923 1371 6025 2833 8509 6253 1029 831 9177 8124 3634 2480
 17 59 8808 9857 9704 2398 3157 3940 1975 1634 9894 5729 8941 3901 7608 4605 5690 6632
 50 9670 8544 9371 8579 2086 6154 9166 8399 7380 7648 1614 6973 5333 5258 6005 8701 8418 7408 6566 8798 2745 6295 8517 3882 902 5861 6523 7599 4220 1814 8275 3626 2655 4426 372 6209 2896 7972 2261 7616 8002 6533 6153 5032 852 9767 8402 5779 2157 8629
 49 9215 8698 5147 6668 9288 8406 2795 2442 1146 8140 5718 7044 9232 6539 7159 8139 5205 1950 1336 744 6939 8259 2271 9316 3252 7366 3342 9271 3564 3658 3223 6855 5922 7687 942 5728 6248 8779 6943 5527 9947 8195 2041 5948 4643 1928 5877 224 7540
 16 230 2955 257 2513 546 7000 1292 3839 71 9280 3449 8384 5808 6006 8135 75
 23 7671 5976 4396 1301 6233 4726 4489 6033 7195 1023 8931 8145 9628 781 3368 3218 7004 2585 4685 1690 6546 8805 7577
 28 4394 4472 2313 243 9149 2892 3865 734 7268 4201 6586 4720 5291 6098 5890 9739 8686 8371 8487 3931 8070 6094 1184 5513 9995 8307 7049 5208
 57 5455 102 8099 9211 7047 1125 6425 6879 5528 446 665 3560 5310 273 1505 2752 5182 9980 8663 5307 3346 216 1243 3151 2536 9172 3192 4575 3156 7571 2073 4234 9245 3593 1953 9691 5217 9433 5981 3163 6 3112 9766 235 4271 8712 638 9535 6074 4890 6633 7474 8132 1946 8964 5644 531
 16 8309 8466 3742 5592 7082 9983 2382 8855 2465 9233 9844 5450 8279 2970 4184 4659
 52 2446 1826 654 1817 4494 1191 4392 6600 8080 5545 6871 1835 7890 8699 7232 9974 8697 3292 7621 2106 590 5138 2045 8459 7398 3000 8301 6880 2196 5250 298 3994 2612 735 2732 1877 2962 2976 2203 1937 4517 3406 3197 4518 5507 7839 6240 1653 3870 4789 2659 4171
 43 6351 4126 8884 7773 3836 1133 4323 7065 975 6215 5748 4630 9314 4370 5165 6067 9373 2159 757 1827 8202 5873 7977 2282 8192 1375 3111 218 7711 7281 7508 731 9828 8484 9164 4998 1678 5481 5953 9838 3554 2630 1911
 36 1278 9636 8193 7845 4001 7381 5706 1412 3573 7896 2410 141 9851 5146 5502 3212 2083 3398 7847 715 8623 7939 584 9924 3369 9759 6784 4995 5215 7726 556 2291 9100 2530 5988 5638
 36 1131 2301 9223 6128 5506 4251 5223 1707 7051 4731 6401 9541 1528 5888 7263 8888 3022 9101 6981 1374 6141 7477 6818 5882 2706 3607 2911 8891 5317 4353 6189 7194 7718 7907 7348 5211
 39 3991 5334 7496 7694 7752 5632 3866 9612 5968 879 4739 15 1042 7719 4221 1904 4524 8687 6331 974 5856 168 718 9110 9412 1002 6460 4823 7838 2262 510 2577 4749 9968 7850 6639 6806 7460 8696
 11 2038 1574 394 2017 2589 777 696 6955 2879 2719 6804
 48 7643 138 6227 1831 523 2241 1842 6640 2524 2469 6925 4529 2395 443 8266 3881 1674 3019 7359 4734 3984 7316 4938 9798 3785 5045 413 9771 8573 3507 7074 5158 9253 344 486 1543 9679 3959 9064 5092 1295 2444 1559 3540 1551 1791 511 9418
 11 4172 207 3265 3210 8807 3894 836 3530 3555 1637 3143
 41 7678 4935 1764 4501 7639 4060 3681 8977 3643 479 2963 3259 4186 6995 7957 4393 343 6826 6990 7347 7369 3243 383 4193 8874 3254 7455 6256 4898 9173 1215 2887 4696 5200 6941 3317 870 4956 8683 7996 7899
 84 9053 1808 558 6956 2517 1925 8128 5613 5952 1712 4660 1139 1275 8049 2343 4718 6485 7637 704 9356 3272 5218 2238 1735 5053 8469 4577 1668 2260 9793 2153 1172 5834 2878 8435 6388 4294 1642 5839 8650 6502 4317 5214 2872 492 9630 5590 5484 8843 9551 801 1624 774 97 8312 1334 6645 7686 4816 2210 5518 4848 2597 3995 6911 3352 3687 8306 181 616 6203 9023 65 103 7435 4548 7371 9152 2786 9724 8753 7134 3952 722
 44 3387 9282 5645 8394 4338 2554 6754 7481 7161 6102 229 7482 7180 3118 7259 1373 9955 9864 6752 7227 2613 9853 2039 789 9270 1118 4638 878 4012 2340 3478 1978 2269 517 9900 8376 4384 4224 1369 4058 5029 1099 8194 411
 21 7473 83 5184 9620 2376 2964 4008 6828 1119 8782 6495 8880 9586 7002 1270 2371 1851 5851 8479 7722 4188
 18 8103 6507 2452 2830 3720 4511 1091 9904 7789 7966 1323 5591 4540 8360 1954 2007 6596 419
 32 4673 7988 9439 3420 4205 2525 8638 4432 4158 5339 3294 5437 2529 6489 7480 732 2197 1470 3943 2498 6327 6308 2572 8953 8916 6881 7852 5489 282 6038 5227 5987
 13 8448 6882 7459 7620 2345 2189 6161 3645 1875 8879 9802 4821 9478
 18 7409 8617 4504 6590 3817 6449 5405 8691 8826 8981 6159 2907 8317 4422 936 5551 2565 1298
 17 9842 8067 7039 1723 7213 6408 5864 547 882 7214 4699 7631 2925 3285 3188 9510 7690
 50 8033 9822 3423 1472 8372 6557 3247 1247 7015 8903 5740 5942 5153 3951 3518 1554 5585 2746 706 1276 1760 9494 1542 8791 7379 5639 4465 5406 1603 8627 5183 3340 4929 8944 8652 5350 4374 8815 9497 7007 5080 3695 8185 2829 3956 5717 9847 5240 8909 2103
 54 5832 8709 7205 1312 6610 457 336 4091 5134 4896 5696 9428 5797 53 2057 6411 9407 851 5424 2774 4672 3195 5253 4004 4247 1219 8612 7786 707 4102 9684 206 8079 3572 4409 6602 9201 4741 9557 2618 1800 251 8516 4437 4552 5375 4268 3381 7806 2267 9768 5033 5486 6051
 32 1260 5020 1264 5144 2024 7158 5796 5201 7110 4621 6205 7960 9310 7660 943 204 7304 3508 5951 1166 2826 5347 1935 2685 8752 3812 8539 1106 7422 1315 2623 3116
 35 4587 507 2113 2886 9626 3031 6054 6682 9807 9965 2861 8021 136 1922 2356 9472 2619 9036 8632 932 2109 6040 3045 9582 3547 4682 3906 9687 451 6513 6235 362 277 7063 4678
 51 6210 4533 8967 7785 2044 1044 2004 6406 6484 4011 2683 7586 9935 3525 5565 3129 4656 1537 2663 2910 4299 100 8300 8138 4301 122 8340 8809 7311 242 1232 897 8427 5155 7486 4733 7523 6838 4297 9134 5747 5650 4954 5280 3468 2969 6149 6142 3808 3504 2681
 59 5105 3715 1081 7664 2835 9067 1708 3825 4383 123 567 225 6174 782 7588 6873 5716 1530 3463 2508 802 131 5790 2695 8707 5493 2806 2690 7879 7732 4879 454 4330 4725 4876 2831 921 2764 3725 6342 7600 9004 3084 8788 2559 7332 730 6041 677 5926 4352 937 8928 1327 1345 9555 6898 2406 6835
 30 2489 6218 8322 7680 1090 5620 9265 8280 5715 4209 898 6273 4326 3841 2063 4746 1518 8695 9143 9912 3796 8582 2999 1550 4674 8640 4775 4594 470 9784
 24 1242 893 5429 5509 9839 1564 7935 1585 8455 4379 8231 8248 7549 1744 673 922 539 5767 4761 7654 5284 6537 9941 6202
 18 2725 3797 4168 3273 4344 9249 4147 6993 8639 3308 1105 2789 8574 5021 5418 537 2611 582
 50 8980 2636 482 3209 596 4420 7112 8378 9091 1830 9252 9424 4845 5594 2484 834 8116 8396 8571 4911 4604 9429 8208 1230 7825 4208 797 9313 8719 8428 3002 7073 7512 7019 8685 9020 3237 4666 7544 7100 5548 6798 6266 1727 4586 966 3857 3444 6730 2518
 51 3425 4322 5030 1573 4796 1734 554 5197 498 61 1410 9804 4824 9702 9817 3702 9115 3757 1923 1165 6731 236 6616 6099 7872 2021 530 5757 5434 290 363 5121 8330 9529 5709 9903 1479 4884 8043 5725 192 7930 5256 2881 8236 3474 7934 7805 4771 3642 9741
 11 5069 8850 9940 2169 3801 6156 6706 8095 9197 7758 5517
 48 7036 2735 9090 5533 7766 5694 529 7237 6486 9845 3269 7696 305 7310 8990 9794 1057 2697 8757 325 3378 7350 508 4439 260 6803 9234 1432 5089 7818 1658 296 7252 9948 2796 9069 7154 8994 652 5805 4811 4695 448 3024 1027 7322 3436 4329
 16 9413 4764 9360 3492 9447 6497 3119 8678 1285 4943 6483 1392 5044 9799 2497 4964
 15 6613 7633 8404 3011 7118 4986 9367 6757 6418 9931 2237 4712 5392 3748 4300
 51 2717 5014 6891 1599 9740 8504 8366 8177 8934 5529 6864 2305 4006 2037 6275 5005 1907 7249 9549 221 3242 3300 3871 2738 8581 9990 3724 4885 5071 4542 8794 7536 5647 868 3407 5699 292 6085 2998 2977 3311 4762 6184 1255 9573 6626 2968 3422 6017 5674 6090
 19 4684 4064 8859 1163 1538 4407 8736 1266 5231 575 5918 2119 7861 7926 4556 5365 6133 3570 2994
 22 886 9536 6239 7857 9637 1686 8777 6251 3014 9148 8218 3653 9463 9505 5970 2481 7885 6587 5836 2783 6441 6614
 17 6885 8946 2823 3581 8545 8730 3505 6595 8027 7219 1051 3268 434 3250 3287 5723 4131
 20 3392 5309 6454 4284 9007 2066 5974 9576 1474 1765 9710 41 3451 1464 7938 1697 825 3334 7187 7559
 13 9581 6423 6638 8607 6612 6809 4423 7290 3828 3441 2342 3692 8799
 32 1193 8238 8603 6860 6690 8358 4243 1395 2255 310 8844 2495 5332 2627 196 6654 6901 9613 4841 2357 6762 3985 145 2075 950 2493 3918 283 6656 7908 3048 7820
 48 8786 9872 9960 1492 9589 4057 528 1751 2512 6155 6961 3524 4386 3845 1795 3610 73 5522 3847 3091 5925 679 1784 3513 1657 2680 437 1871 3176 51 392 3925 3277 7400 6674 8769 9309 8332 5073 1314 2204 8341 7893 7178 2134 7947 3107 960
 40 2772 1769 5500 9764 275 4433 5324 8166 7638 40 460 7976 6815 4309 7375 8285 7117 8478 9437 74 3777 6277 7190 8131 7243 4990 4028 7282 5791 5281 3147 5438 4919 339 2973 3377 4779 1719 5114 7917
 16 1566 9159 4071 1833 474 6770 3579 7114 4157 7587 764 4965 1235 2582 1508 7326
 17 1434 5835 9014 8989 6728 3629 5593 7741 321 6883 5432 9018 946 4063 5561 7272 8618
 11 835 577 4616 3860 5330 568 4866 1665 5269 6576 2084
 47 6056 4115 7735 2198 5939 7708 9635 9492 736 8885 9378 8261 9150 7790 1283 4553 2429 7538 771 9753 106 8377 4044 2937 9854 431 597 3774 5659 5297 3280 3863 3055 2370 3416 3795 7157 6665 4180 9824 7298 947 7697 9015 2528 2494 85
 53 2870 3216 9328 90 5336 5245 6888 6664 9732 4909 9052 3331 9263 3283 1293 813 132 8970 385 9745 7278 7981 9044 2846 4641 8123 5407 9093 1218 2097 4460 6820 6705 1548 1045 5083 3846 8821 7877 4092 2121 6951 3274 8776 6397 340 9358 1150 2781 126 6279 9204 3708
 29 1055 5683 7691 6036 174 1149 9619 2064 1609 111 7330 1431 7875 4431 4440 686 7370 9906 5417 8482 877 1188 4288 7593 4923 7399 4635 8392 6405
 49 4904 4473 9858 2766 8657 687 810 702 2693 2228 3746 2860 6563 1462 7144 9721 610 1689 1342 5177 8553 901 3770 3654 7390 5474 1096 8147 8153 84 9862 4136 9057 8611 1128 858 1147 3251 3065 7258 2171 4128 3957 8412 3159 7747 7775 5823 6422
 59 1290 1526 5304 7645 8350 4667 9228 2019 430 6471 6399 9800 7882 8597 8713 5924 1469 2653 211 8023 536 2133 8921 1955 6199 9644 9269 2543 364 7454 8738 8014 5785 11 8739 828 4468 3426 2294 4510 4450 1576 4877 3988 806 3601 2848 7900 3467 1916 5789 561 1522 2386 8470 5473 8114 8395 6014
 47 9189 3233 7382 9213 1035 1060 4122 1021 2777 3519 3698 8464 7707 2479 1448 8765 9241 4567 9831 971 9803 9585 6244 9078 4874 5301 7629 2511 7812 5070 8668 1688 4782 3191 872 4914 5395 9651 5162 259 2724 7612 4602 1094 6696 7652 8636
 40 7519 5574 3266 4677 6125 791 7327 164 5596 8488 2499 6436 4003 6230 7580 9737 1693 6364 3078 7925 2100 7334 1709 4582 5106 4100 8604 4410 31 2828 166 467 769 3030 4940 1350 9109 3071 9982 1766
 54 6263 1643 3892 4564 5169 76 1085 5063 3705 7509 729 1885 7146 6147 4414 3677 6565 6106 9427 3820 6315 5131 2754 7208 9985 5103 7070 4770 7506 3296 4198 4022 3862 3739 2476 5872 6771 9950 37 5560 4961 3649 7413 6783 3355 9765 8225 120 5257 5361 9827 9255 697 63
 15 8854 934 4398 6330 5801 5383 918 4813 4598 3633 6830 1212 1778 6164 9212
 23 7240 8005 7755 468 1980 4163 4856 6138 6918 9689 2808 2948 2124 9466 5024 2463 7860 6524 4516 3080 5273 8465 2507
 10 8183 5265 5962 866 3063 8796 9712 3517 5738 2107
 53 6440 2223 3709 1938 7566 839 4754 1805 854 9933 4279 170 3396 9076 4716 215 5654 6464 5188 2838 7467 7915 1368 8463 4441 1084 4854 7226 6458 458 5143 1362 723 8065 8789 4155 5016 6534 2214 4138 2505 2703 1629 9113 9916 4257 578 1739 4708 4037 6301 4576 3595
 56 4611 3590 7760 3827 846 3503 8434 6857 7394 1963 2369 8490 917 4280 4080 7212 2889 2798 6403 887 7231 7410 8291 268 2662 5061 4464 9746 8570 6165 6081 5364 3691 4971 4484 2588 8763 4790 8648 9523 5615 1815 7121 3196 5907 1820 4913 7261 6029 3404 2670 7424 2804 8932 7341 7492
 27 4454 1839 7547 2361 7057 3509 8430 8474 9652 6560 6751 7601 8058 1449 7521 427 2834 3583 3148 2306 7801 1607 1638 5002 7555 7774 6172
 61 8646 888 841 8004 7745 6015 6711 6697 6893 6191 642 1880 1742 4547 2316 3246 7884 2165 3132 965 920 4230 2287 9312 3886 1272 7673 3740 5688 6760 842 8186 5980 8054 3916 9396 104 3843 1077 9638 29 6455 4651 9569 5234 7754 5599 9342 4105 566 1762 2749 9347 9474 5618 9444 4962 6598 9343 1651 5193
 33 2930 9907 8966 6280 1229 4399 3638 2362 7634 2458 6568 2222 1663 4537 2503 3712 8647 7666 6335 4222 3946 717 5536 940 1010 287 2814 9349 4963 8265 1864 4915 6787
 19 6856 753 8878 6238 2355 5830 3456 855 6667 3168 1655 5859 5928 2532 3769 503 4014 849 9307
 34 6869 5066 605 1588 8651 8500 7201 3335 1898 107 6971 6944 2179 1602 5843 1692 790 8602 2522 7776 9654 5701 1951 4490 7807 2094 9698 796 2544 3074 4512 824 7854 6246
 21 1233 5413 5192 3194 5480 9821 2913 2104 6325 7788 1705 5471 1022 3083 8270 5216 8268 4767 3021 9958 6148
 10 9058 7782 3815 8246 1103 5072 6480 7471 6413 2436
 35 8471 979 1681 949 7149 2622 4231 5446 6902 7296 2266 9986 7592 266 219 1676 9889 3637 2867 3315 9703 5488 6948 1262 8077 6068 2441 2123 2400 953 4502 845 447 9700 8311
 16 3187 8220 2877 1490 3760 7856 6028 8024 3958 6320 8151 9403 8167 6173 9558 7368
 16 295 3145 8724 8184 5130 6785 548 1807 4169 288 8733 3582 2141 4144 7700 2388
 33 4048 8506 425 7993 2274 5074 1248 2558 5508 8917 6355 50 6579 5341 8706 7520 5702 3208 6833 7746 8979 9542 8893 6303 4683 6821 9731 5050 2634 1627 9154 4916 5885
 22 8486 2176 8025 7135 833 9657 880 1005 6289 2177 5342 3842 5173 5391 8100 3173 5960 5621 3868 9918 711 9138
 16 9475 6096 993 2091 1359 9417 9381 153 2456 5930 6942 9163 9481 7911 4347 9895
 43 1524 3310 3121 9370 8426 9261 213 5346 2949 6521 9011 4693 7803 2568 2945 9046 2792 8804 7064 9085 6691 4429 4606 1775 988 622 8456 9819 7287 5017 8174 9633 7164 6305 3120 2516 5712 8062 8387 8631 4871 1596 7649
 20 4941 7802 9089 1182 2935 4892 8659 5852 2416 9769 7242 2657 2730 157 2739 6742 5470 2678 7534 7207
 50 8858 5046 1187 2191 280 352 5532 5136 7251 928 9559 4400 9397 635 407 2111 3928 6725 1213 9345 3539 9239 7826 5164 935 3597 5264 9449 9879 3655 3374 2483 1583 9886 3614 1626 6709 6136 8409 7968 4237 4461 7997 8092 6974 3529 1773 8314 2338 9600
 52 2995 9351 1048 6190 286 1271 5503 4568 1704 34 7120 9891 6459 5826 5181 684 2218 4530 1300 91 8679 4642 1012 927 1882 6559 6553 9949 3678 3388 1307 5133 5382 2373 6318 6707 822 2857 2046 2990 3909 516 4872 3345 9438 7772 8774 5897 9860 4539 9770 3767
 47 4397 6671 5608 4543 7031 5653 5113 502 3919 7744 6374 3764 837 6255 6481 2992 3783 2918 4282 2450 484 7748 1759 1897 7045 6923 7736 885 7562 7339 8388 752 1061 5629 4020 8637 8117 3993 4561 2716 3719 8374 8290 2099 6865 1868 2288
 18 4264 6872 8877 9593 7387 8562 2412 5249 1436 9655 3819 8390 1467 6542 9296 6732 8816 4644
 44 3440 526 6669 2996 9031 4160 580 8329 604 6611 1736 8867 7206 8758 756 2521 3371 8537 9701 4853 19 9566 9026 8729 6290 5221 195 2383 1454 44 5985 8935 6506 9030 1446 2616 368 6442 3008 2213 7533 5320 7162 969
 51 6781 1587 4760 9890 5703 5837 27 766 9584 1924 1014 9459 5387 2981 3514 4312 1598 1616 3574 9999 1781 5003 3594 1216 8973 9846 9516 776 5807 7193 2621 1162 4569 4624 4267 8510 3948 6011 3936 253 5950 6988 3421 1672 1991 5178 5204 202 9932 973 9604
 72 8118 3659 4217 8327 1600 7769 6876 5525 2053 2295 5368 1547 1750 4828 150 2853 3821 3711 8680 3532 1020 7462 4292 7522 8008 2502 7830 5905 9490 9414 2056 376 6208 2837 234 7069 7888 7546 7912 3113 4191 1584 285 8233 9611 3245 3732 4159 201 959 3523 8359 2317 1529 6548 2160 9905 983 6907 7411 1958 7386 2308 6573 1071 7319 8298 4832 2901 6055 9969 3810
 33 1612 4096 675 630 2748 7675 9186 7142 8642 1234 8405 2102 2190 6254 1447 9661 2778 5996 1728 8343 4936 8081 2448 5285 5780 3758 1211 3106 7978 1367 4747 5707 3232
 38 2350 2145 1597 5244 6278 7721 7668 9537 1996 3090 8718 9380 4589 8641 8700 2919 4527 1089 7415 3813 2931 1000 7928 4873 8801 6378 2390 9135 6908 6060 9455 3942 557 6433 5443 4424 6968 1648
 56 3683 5293 6795 6268 8013 8318 4657 6651 7873 2184 7056 3622 683 2944 7077 8915 1401 1856 5947 245 3389 4335 6119 6977 2290 4780 7476 5043 7832 2592 6685 7098 913 3809 7945 4744 9331 2443 2987 1841 5665 1786 9805 7791 9001 8061 8731 3962 5844 2380 9650 6264 9431 8351 8009 519
 16 2440 9111 4801 7642 1512 1038 3765 3701 6482 8717 5116 9621 1210 4378 7502 7527
 14 8450 4189 1126 8115 5848 7809 6945 4918 9996 8422 6439 2326 3343 2980
 55 6584 2132 7651 1360 3110 1557 6224 4565 140 5411 2686 4546 805 5122 8601 8621 4365 4258 5982 6492 4522 6009 1013 2181 6712 755 7079 3222 6863 7479 3077 8704 2880 7434 8101 5824 2199 8772 464 5946 6832 1947 5813 3710 497 5491 2902 371 6960 2809 4097 9192 124 1363 7456
 47 2734 586 5919 3363 2381 1143 6683 5941 5195 5476 9797 9930 3932 1964 9033 3009 4018 2873 8681 3703 2154 4069 43 5742 7356 8235 1354 6740 1304 9274 472 5119 373 7131 3494 9247 8976 2825 7443 5108 2354 7903 2249 7315 4875 4978 5921
 18 9420 7761 161 521 7355 8813 3721 4835 8538 1962 7001 2556 1503 7270 4418 7886 8670 6479
 33 2346 6634 4597 745 4377 2409 4134 8349 3780 2403 8723 3320 3229 5597 3228 6574 3058 2325 4316 2780 92 9068 8020 603 9010 863 643 8254 9547 5943 4072 1488 5453
 14 2610 1747 4430 9043 2682 3585 6892 9902 914 9326 2251 5646 3458 1154
 40 5483 2195 5456 6000 8549 8575 5229 2569 4183 4313 6643 1344 4566 2027 6312 9994 6160 6515 1082 2286 4124 7352 3548 6593 1017 7583 8032 6577 2866 1227 9041 6052 2737 8918 2059 4714 9330 6952 6216 1199
 19 1370 1032 9376 4062 7503 5964 2656 9187 3488 6352 2790 1929 7792 9 6772 1171 9527 7215 9346
 17 3016 9601 7609 4980 6980 6931 4766 5475 8026 7948 3175 3477 4471 5842 6453 5622 6906
 20 9392 1813 8561 7132 5535 8207 4632 2152 417 6635 9352 7233 1451 6842 8240 2296 3876 6511 2254 5255
 13 5876 3249 6206 3584 412 3328 9452 8978 7965 3580 8180 7756 9577
 31 5580 184 9892 3558 1420 4545 8541 2624 2947 6037 5059 7727 5501 7771 7525 3982 5137 8591 8938 6811 6129 6915 2500 8883 5800 3026 3963 367 7515 6350 7417
 24 1132 6567 3487 8655 1680 5932 6501 2392 1633 6782 5359 121 7970 6360 9398 24 9869 3589 2467 2620 4345 3059 3386 6491
 14 5371 8995 4661 929 4922 6720 1892 7362 9782 977 1177 7887 4361 7414
 24 995 532 5381 3447 808 4850 814 9277 7713 581 2567 9099 7677 3207 7246 9615 5736 6947 4254 5991 6135 4977 1635 2894
 68 3619 6309 1944 1525 2142 2281 5822 465 5142 5189 2509 1647 54 5404 4266 5828 5869 5306 8886 2759 4851 7167 8362 5971 8373 8200 3639 2445 7733 8196 5419 1578 1741 3754 6792 3621 7582 1649 7640 5469 1343 8071 3307 1982 3613 1628 1900 7220 1108 374 7342 4927 8810 7705 6660 5344 6358 2385 7951 4592 8986 8037 8589 3038 3913 9556 7021 694
 50 2849 9888 9988 7229 1752 3235 4989 6214 9695 8073 1066 5129 1100 7351 6382 1124 5999 4629 8766 3186 7203 9909 7299 4298 6057 2794 9362 5274 1253 3185 3500 9658 8493 6847 8988 1011 4130 5420 545 9092 8558 2852 6780 7308 2014 4897 3472 2936 6625 4331
 20 4040 8224 9917 7275 2474 2116 3020 7429 2080 4930 6143 3807 1829 58 7692 7656 2015 7763 3939 6627
 35 4093 1203 6299 5637 6359 8264 1836 4521 550 3481 4792 2230 6069 4665 3402 3483 1857 8940 6631 1714 2248 8197 6920 426 2776 491 5372 5845 8187 7921 7294 2668 98 6065 592
 10 7337 4474 1437 256 7344 2617 585 3753 5666 647
 7 9787 6168 9592 9669 5117 8242 6207
 19 991 1309 3298 636 3174 5428 7589 4228 7280 7738 2105 5678 6271 6737 6680 7153 4625 9914 3227
 56 5266 7418 3153 5233 159 7030 534 7448 3656 8286 4318 850 1745 4710 4477 6362 8860 3409 8087 4570 583 9426 5236 8119 1845 9530 829 8457 4554 9578 155 3413 8382 293 6694 5316 9508 8836 3438 4721 7453 2721 262 8708 6002 2170 9045 8060 2915 9388 8619 8443 8715 6843 3531 3818
 45 3937 9743 5917 4099 3350 2614 432 1558 1644 5860 4355 232 3443 8375 6221 8056 7283 8800 6589 6285 5563 4203 3230 5814 2579 3023 8160 3838 7717 4320 2257 5795 7810 7050 4380 8792 3161 6404 3366 5042 7655 6088 1993 4275 2451
 9 3914 2769 5006 48 6624 7615 6786 4901 3082
 18 2139 7828 9054 1539 6001 4797 4259 9568 5237 4327 2032 1001 341 5681 2661 8385 6588 2423
 16 2368 3922 395 8653 5041 328 8170 9756 6475 3941 5972 7431 7568 2217 8694 7796
 28 2710 4722 5228 3854 6286 9762 4341 2707 3086 135 7450 6609 7284 38 6252 6814 1003 3360 3879 7553 9645 1399 869 9607 212 496 819 7364
 22 4588 6675 9442 1792 2802 1226 881 7863 301 2188 1034 3095 7712 9389 3568 2549 9673 5746 1383 8599 4496 1445
 8 7798 9175 1059 462 4139 8283 6530 5107
 26 4487 1888 3429 5969 3215 5704 8593 9548 9970 4032 3515 2897 9218 1698 9158 345 5367 4218 5015 3061 1504 6846 7053 4839 7909 7234
 21 3883 3435 865 5894 6366 4688 7858 9563 172 1486 5849 9383 7470 3062 7066 2561 4419 1990 233 2149 6575
 9 7173 522 1461 1636 5270 5519 3067 4737 7010
 47 8896 9243 5967 281 5914 6463 2 2526 3150 9640 2358 3755 784 7572 646 599 4359 8496 9711 1026 1605 346 9369 4000 1586 8104 3542 3135 5009 6431 7125 8110 6929 3041 9927 501 4698 4793 8353 6332 1313 1484 8216 7165 3375 7688 1289
 18 7080 7148 6488 7574 3878 2890 5721 7011 747 3598 1675 5855 6177 4112 6607 4492 6940 7264
 67 9515 357 3036 3275 220 6007 7349 7866 8920 3299 6764 6550 1028 7597 9126 5384 1749 5096 1402 2076 2699 228 55 3685 8446 6829 9118 5833 5152 2464 9390 4332 1457 4902 2631 7626 3109 398 5617 5841 7003 7127 875 9693 1296 1159 129 8173 6080 7465 3699 1731 7734 3141 978 8845 3717 6532 6972 8750 2904 1801 6496 2431 2810 7936 4087
 22 9760 349 1974 5686 754 4593 7644 4531 4337 5196 9579 4274 587 4590 7729 8585 788 6157 6810 9354 9837 3399
 15 7427 2092 7312 6114 9694 9448 1494 1358 3747 270 5652 3961 8288 5248 6091
